# Auto-generated by tl-tune on 2025-11-04 19:36:39
# Best trial: 13 (val_loss: 0.008560)

add_relative_index: false
attn_dropout: 0.29894987729813965
dropout: 0.318347963953445
encoder_layers: 3
hidden_continuous_size: 128
hidden_size: 32
learning_rate: 0.000992851991629171
lstm_layers: 2
num_attention_heads: 4
