# Auto-generated by tl-tune on 2025-11-04 19:46:23
# Best trial: 9 (val_loss: 0.009370)

dropout: 0.03727532183988541
fusion_method: concat
hidden_size: 96
learning_rate: 0.0009133995846860973
num_mixing_layers: 3
static_embedding_size: 20
