# Auto-generated by tl-tune on 2025-11-04 18:05:38
# Best trial: 13 (val_loss: 0.010307)

bias: true
bidirectional_fusion: concat
dropout: 0.49785947308112677
future_hidden_size: 96
future_layers: 1
hidden_size: 192
learning_rate: 0.0009331961068147915
num_layers: 1
